return {
	CFrame.new(3419.09888, 68.8273849, -413.404114, 0, 0, 1, 0, 1, -0, -1, 0, 0),
	CFrame.new(3306.13623, 69.3331604, 740.814575, 0.173624337, 0, 0.984811902, 0, 1, 0, -0.984811902, 0, 0.173624337),
	CFrame.new(2957.79956, 69.6026382, 1958.91553, 0.258864343, 0, 0.965913713, 0, 1, 0, -0.965913713, 0, 0.258864343),
	CFrame.new(2578.2124, 69.8343964, 3018.65308, -0.866007447, 0, 0.500031412, 0, 1, 0, -0.500031412, 0, -0.866007447),
	CFrame.new(978.105225, 69.317482, 3573.5271, 0.342042685, 0, 0.939684391, 0, 1, 0, -0.939684391, 0, 0.342042685),
	CFrame.new(-486.945221, 67.3850403, 3607.00293, -0.999974251, 0, -0.00718951318, 0, 1, 0, 0.00718951318, 0, -0.999974251),
	CFrame.new(-1517.6333, 68.5056915, 3309.53564, 0.985630512, -0.0321503058, -0.165827945, 0.041958645, 0.997549474, 0.055986926, 0.16362159, -0.0621403381, 0.984564126),
	CFrame.new(-3138.76587, 68.3709946, 1405.09607, 0.573598742, -0, -0.81913656, 0, 1, -0, 0.81913656, 0, 0.573598742),
	CFrame.new(-3698.19336, 68.4812317, 525.915039, 0.499959469, -0, -0.866048813, 0, 1, -0, 0.866048813, 0, 0.499959469),
	CFrame.new(-3630.91895, 65.9681854, -1364.89392, 0.999923408, -0.0121893538, -0.00214338931, 0.0121521568, 0.999788582, -0.0165866017, 0.00234511611, 0.0165592842, 0.999860108),
	CFrame.new(-1063.84277, 68.284584, -4870.14746, -0.965929747, 0, -0.258804798, 0, 1, 0, 0.258804798, 0, -0.965929747),
	CFrame.new(952.10321, 70.1862869, -4742.36523, -0.965929747, 0, 0.258804798, 0, 1, 0, -0.258804798, 0, -0.965929747),
	CFrame.new(2179.80542, 71.1415939, -3908.65454, -0.707134247, 0, 0.707079291, 0, 1, 0, -0.707079291, 0, -0.707134247),
	CFrame.new(2843.40283, 70.453804, -2913.85645, -0.422592998, 0, 0.906319618, 0, 1, 0, -0.906319618, 0, -0.422592998),
	CFrame.new(3087.99878, 68.4073334, -1639.40503, 0, 0, 1, 0, 1, -0, -1, 0, 0),
}
